b:-12.196578 , -108.681804 ; 3.326948 , 74.483560
e:3.326948 , 74.483560 ; 68.428994 , -107.518915
e:-12.196578 , -108.681804 ; 68.428994 , -107.518915
done
b:3.326948 , 74.483560 ; 68.428994 , -107.518915
done
b:-12.196578 , -108.681804 ; 68.428994 , -107.518915
done
