b:-97.174885 , 156.957028 : 140.230702 , 80.590051
e:-201.528819 , 5.036793 : 212.467668 , 37.172123
e:-201.528819 , 5.036793 : -97.174885 , 156.957028
e:140.230702 , 80.590051 : 212.467668 , 37.172123
b:-201.528819 , 5.036793 : -97.174885 , 156.957028
b:140.230702 , 80.590051 : 212.467668 , 37.172123
