b:-6.871548 , 13.084210 : 10.209627 , 7.834082
e:-9.358419 , -26.723659 : 21.246767 , 3.717212
e:-9.358419 , -26.723659 : -6.871548 , 13.084210
e:10.209627 , 7.834082 : 21.246767 , 3.717212
b:-9.358419 , -26.723659 : -6.871548 , 13.084210
b:10.209627 , 7.834082 : 21.246767 , 3.717212
