b:-9.786873 , 23.689881 : 8.825266 , 28.751236
e:-28.468466 , 15.066670 : 26.100202 , 8.666856
e:-28.468466 , 15.066670 : -9.786873 , 23.689881
e:8.825266 , 28.751236 : 26.100202 , 8.666856
r:19.510411,16.373666
b:-28.468466 , 15.066670 : -9.786873 , 23.689881
b:8.825266 , 28.751236 : 19.510411 , 16.373666
e:19.510411 , 16.373666 : 26.100202 , 8.666856
e:8.825266 , 28.751236 : 26.100202 , 8.666856
b:19.510411 , 16.373666 : 26.100202 , 8.666856
